Kp = 0.001; 
Ki = 1;
Kd = 0.5;